(lvdt) PS C:\Users\pengb\Documents\Python\LVDT_simulation\optimization\test> python -m test
==========================================================================================
n_gen  |  n_eval  | n_nds  |     cv_min    |     cv_avg    |      eps      |   indicator  
==========================================================================================
     1 |       50 |      8 |  0.000000E+00 |  8.000203E+04 |             - |             -
     2 |      100 |     18 |  0.000000E+00 |  1.6400000000 |  0.2010105519 |         ideal
     3 |      150 |     23 |  0.000000E+00 |  0.000000E+00 |  0.3198621134 |         ideal
     4 |      200 |     30 |  0.000000E+00 |  0.000000E+00 |  0.0836202780 |         nadir
     5 |      250 |     38 |  0.000000E+00 |  0.000000E+00 |  0.0970432654 |         ideal
     6 |      300 |     50 |  0.000000E+00 |  0.000000E+00 |  0.1118139709 |         ideal
     7 |      350 |     50 |  0.000000E+00 |  0.000000E+00 |  0.0255880919 |         ideal
     8 |      400 |     50 |  0.000000E+00 |  0.000000E+00 |  0.0359728433 |         ideal
     9 |      450 |     50 |  0.000000E+00 |  0.000000E+00 |  0.0032674827 |         ideal
    10 |      500 |     50 |  0.000000E+00 |  0.000000E+00 |  0.1542064997 |         ideal
    11 |      550 |     50 |  0.000000E+00 |  0.000000E+00 |  0.0088179733 |         ideal
    12 |      600 |     50 |  0.000000E+00 |  0.000000E+00 |  0.0064751457 |         ideal
    13 |      650 |     50 |  0.000000E+00 |  0.000000E+00 |  0.0362826416 |         ideal
    14 |      700 |     50 |  0.000000E+00 |  0.000000E+00 |  0.0179755572 |             f
    15 |      750 |     50 |  0.000000E+00 |  0.000000E+00 |  0.0200768072 |         nadir
    16 |      800 |     50 |  0.000000E+00 |  0.000000E+00 |  0.0313540920 |             f
    17 |      850 |     50 |  0.000000E+00 |  0.000000E+00 |  0.0266955084 |             f
    18 |      900 |     50 |  0.000000E+00 |  0.000000E+00 |  0.0259985637 |         nadir
    19 |      950 |     50 |  0.000000E+00 |  0.000000E+00 |  0.0311401463 |             f
    20 |     1000 |     50 |  0.000000E+00 |  0.000000E+00 |  0.1365493784 |         ideal
    21 |     1050 |     50 |  0.000000E+00 |  0.000000E+00 |  0.0288019730 |         nadir
    22 |     1100 |     50 |  0.000000E+00 |  0.000000E+00 |  0.0189196818 |             f
    23 |     1150 |     50 |  0.000000E+00 |  0.000000E+00 |  0.0245752595 |             f
    24 |     1200 |     50 |  0.000000E+00 |  0.000000E+00 |  0.0159857565 |         ideal
    25 |     1250 |     50 |  0.000000E+00 |  0.000000E+00 |  0.0211164304 |         ideal
    26 |     1300 |     50 |  0.000000E+00 |  0.000000E+00 |  0.0264349589 |         nadir
    27 |     1350 |     50 |  0.000000E+00 |  0.000000E+00 |  0.0601265403 |         ideal
    28 |     1400 |     50 |  0.000000E+00 |  0.000000E+00 |  0.0311155351 |         ideal
    29 |     1450 |     50 |  0.000000E+00 |  0.000000E+00 |  0.0171005112 |             f
    27 |     1350 |     50 |  0.000000E+00 |  0.000000E+00 |  0.0601265403 |         ideal
    28 |     1400 |     50 |  0.000000E+00 |  0.000000E+00 |  0.0311155351 |         ideal
    29 |     1450 |     50 |  0.000000E+00 |  0.000000E+00 |  0.0171005112 |             f
    30 |     1500 |     50 |  0.000000E+00 |  0.000000E+00 |  0.0502089148 |         nadir
    31 |     1550 |     50 |  0.000000E+00 |  0.000000E+00 |  0.0330446457 |         nadir
    30 |     1500 |     50 |  0.000000E+00 |  0.000000E+00 |  0.0502089148 |         nadir
    31 |     1550 |     50 |  0.000000E+00 |  0.000000E+00 |  0.0330446457 |         nadir
    32 |     1600 |     50 |  0.000000E+00 |  0.000000E+00 |  0.0227008891 |             f
    33 |     1650 |     50 |  0.000000E+00 |  0.000000E+00 |  0.0240387564 |             f
    34 |     1700 |     50 |  0.000000E+00 |  0.000000E+00 |  0.0537120657 |         nadir
    35 |     1750 |     50 |  0.000000E+00 |  0.000000E+00 |  0.0130362698 |             f
    32 |     1600 |     50 |  0.000000E+00 |  0.000000E+00 |  0.0227008891 |             f
    33 |     1650 |     50 |  0.000000E+00 |  0.000000E+00 |  0.0240387564 |             f
    34 |     1700 |     50 |  0.000000E+00 |  0.000000E+00 |  0.0537120657 |         nadir
    35 |     1750 |     50 |  0.000000E+00 |  0.000000E+00 |  0.0130362698 |             f
    36 |     1800 |     50 |  0.000000E+00 |  0.000000E+00 |  0.0134207940 |         nadir
    37 |     1850 |     50 |  0.000000E+00 |  0.000000E+00 |  0.0350693011 |         nadir
    36 |     1800 |     50 |  0.000000E+00 |  0.000000E+00 |  0.0134207940 |         nadir
    37 |     1850 |     50 |  0.000000E+00 |  0.000000E+00 |  0.0350693011 |         nadir
    38 |     1900 |     50 |  0.000000E+00 |  0.000000E+00 |  0.0116071360 |             f
    38 |     1900 |     50 |  0.000000E+00 |  0.000000E+00 |  0.0116071360 |             f
    39 |     1950 |     50 |  0.000000E+00 |  0.000000E+00 |  0.0135269512 |             f
    40 |     2000 |     50 |  0.000000E+00 |  0.000000E+00 |  0.2584631344 |         nadir
    39 |     1950 |     50 |  0.000000E+00 |  0.000000E+00 |  0.0135269512 |             f
    40 |     2000 |     50 |  0.000000E+00 |  0.000000E+00 |  0.2584631344 |         nadir
    41 |     2050 |     50 |  0.000000E+00 |  0.000000E+00 |  0.2358489799 |         nadir
    41 |     2050 |     50 |  0.000000E+00 |  0.000000E+00 |  0.2358489799 |         nadir
    42 |     2100 |     50 |  0.000000E+00 |  0.000000E+00 |  0.0363438547 |         nadir
    43 |     2150 |     50 |  0.000000E+00 |  0.000000E+00 |  0.0766473242 |         nadir
    42 |     2100 |     50 |  0.000000E+00 |  0.000000E+00 |  0.0363438547 |         nadir
    43 |     2150 |     50 |  0.000000E+00 |  0.000000E+00 |  0.0766473242 |         nadir
    43 |     2150 |     50 |  0.000000E+00 |  0.000000E+00 |  0.0766473242 |         nadir
    44 |     2200 |     50 |  0.000000E+00 |  0.000000E+00 |  0.0036495496 |         ideal
    45 |     2250 |     50 |  0.000000E+00 |  0.000000E+00 |  0.0092868318 |             f
    45 |     2250 |     50 |  0.000000E+00 |  0.000000E+00 |  0.0092868318 |             f
    46 |     2300 |     50 |  0.000000E+00 |  0.000000E+00 |  0.0104018022 |         ideal
    46 |     2300 |     50 |  0.000000E+00 |  0.000000E+00 |  0.0104018022 |         ideal
    47 |     2350 |     50 |  0.000000E+00 |  0.000000E+00 |  0.0113897786 |             f
    47 |     2350 |     50 |  0.000000E+00 |  0.000000E+00 |  0.0113897786 |             f
    48 |     2400 |     50 |  0.000000E+00 |  0.000000E+00 |  0.0098724239 |             f
    48 |     2400 |     50 |  0.000000E+00 |  0.000000E+00 |  0.0098724239 |             f
    49 |     2450 |     50 |  0.000000E+00 |  0.000000E+00 |  0.0349457865 |         nadir
    50 |     2500 |     50 |  0.000000E+00 |  0.000000E+00 |  0.0145684929 |             f


8539 sec